rot:
  max: 4.21553303055648
  mean: 3.0711351858628078
  median: 2.9936610506577104
  min: 2.403405480134263
  num_samples: 104
  rmse: 3.0979664193245853
  std: 0.40684715240273106
scale:
  max: 7.046987987392961
  mean: 1.5786533656417585
  median: 1.0155560474279735
  min: 0.00016253339457650284
  num_samples: 104
  rmse: 2.2082443739474518
  std: 1.5440844427098286
trans:
  max: 0.4793584567545665
  mean: 0.12951843946446603
  median: 0.10474390174315845
  min: 0.04149826552888818
  num_samples: 104
  rmse: 0.14804023758149426
  std: 0.0716999705848943
