rot:
  max: 2.8944541083290614
  mean: 1.1627123520656508
  median: 0.9429392566532011
  min: 0.1985712039597268
  num_samples: 3208
  rmse: 1.2929406357046398
  std: 0.5655046187347017
scale:
  max: 3.380053314031506
  mean: 0.7052966827280978
  median: 0.4533345662571575
  min: 0.0001518755178842035
  num_samples: 3208
  rmse: 1.0103271145568884
  std: 0.7234068480057326
trans:
  max: 0.19377516920729085
  mean: 0.06856221342201738
  median: 0.05626516171409185
  min: 0.0069684420375434155
  num_samples: 3208
  rmse: 0.08158537651278923
  std: 0.0442198660265646
