rot:
  max: 2.6738157425521463
  mean: 1.3490600463631504
  median: 1.2880891502758332
  min: 0.5823346869758194
  num_samples: 3638
  rmse: 1.4066902184633232
  std: 0.3985151967328782
scale:
  max: 4.3426128034878
  mean: 1.5430576272648957
  median: 1.6593040498505462
  min: 0.0018449252057739507
  num_samples: 3638
  rmse: 1.780913718199957
  std: 0.8891719915811679
trans:
  max: 0.26060925993225914
  mean: 0.10861290339427038
  median: 0.10402747895039066
  min: 0.01696424509744776
  num_samples: 3638
  rmse: 0.11913309752437423
  std: 0.04894825984668865
